0	-312.4368397
0.5	-84.46436467
1	-72.42336105
1.5	-65.38011993
2	-60.38331604
2.5	-56.50817003
3	-53.34290545
3.5	-50.66802093
4	-48.35265218
4.5	-46.31255205
5	-44.49036385
5.5	-42.84534723
6	-41.34759374
6.5	-39.97456608
7	-38.70892396
7.5	-37.53710244
8	-36.44835068
8.5	-35.43406353
9	-34.48730542
9.5	-33.60246438
10	-32.77499627
10.5	-32.00123328
11	-31.2782389
11.5	-30.60369754
12	-29.97583047
12.5	-29.3933321
13	-28.85532286
13.5	-28.36131549
14	-27.91119326
14.5	-27.50519884
15	-27.14393352
15.5	-26.82836703
16	-26.55985899
16.5	-26.34019367
17	-26.17163109
17.5	-26.05697876
18	-25.99969068
18.5	-26.0040032
19	-26.0751228
19.5	-26.21948826
20	-26.44514358
20.5	-26.76228009
21	-27.18404764
21.5	-27.72781018
22	-28.41717334
22.5	-29.28543273
23	-30.38183511
23.5	-31.78395468
24	-33.62513848
24.5	-36.166382
25	-40.04257764
25.5	-47.73489954
26	-54.34284431
26.5	-41.90278281
27	-36.98699706
27.5	-33.9108611
28	-31.71374726
28.5	-30.05042552
29	-28.75880248
29.5	-27.75143282
30	-26.97751557
30.5	-26.40683763
31	-26.02220111
31.5	-25.81571128
32	-25.78713421
32.5	-25.94364424
33	-26.30085958
33.5	-26.88557053
34	-27.74136963
34.5	-28.94024975
35	-30.60855976
35.5	-32.99458822
36	-36.69598645
36.5	-43.95523596
37	-52.9389114
37.5	-39.2228824
38	-34.21738597
38.5	-31.19066459
39	-29.11443452
39.5	-27.62996092
40	-26.5739268
40.5	-25.86301267
41	-25.4546648
41.5	-25.33166661
42	-25.49657871
42.5	-25.97207188
43	-26.80735843
43.5	-28.09537483
44	-30.01676464
44.5	-32.97269065
45	-38.16276964
45.5	-55.90890854
46	-40.52502991
46.5	-33.86395062
47	-30.30746219
47.5	-28.01475054
48	-26.46390603
48.5	-25.44043628
49	-24.84435361
49.5	-24.63260223
50	-24.79974556
50.5	-25.37531066
51	-26.43526575
51.5	-28.1392114
52	-30.84470552
52.5	-35.58081258
53	-49.08175735
53.5	-39.94140311
54	-32.58974651
54.5	-28.868178
55	-26.54487377
55.5	-25.03651771
56	-24.11446514
56.5	-23.68010407
57	-23.70227964
57.5	-24.20103535
58	-25.25679684
58.5	-27.05623384
59	-30.04940771
59.5	-35.70474989
60	-312.1766864
60.5	-35.45555802
61	-29.55587528
61.5	-26.3284613
62	-24.31102834
62.5	-23.06129461
63	-22.40326824
63.5	-22.27249364
64	-22.67524549
64.5	-23.69148578
65	-25.52582044
65.5	-28.69967027
66	-35.08315705
66.5	-49.49600455
67	-32.06777504
67.5	-26.79075517
68	-23.81160581
68.5	-21.9627777
69	-20.86956208
69.5	-20.38710186
70	-20.47795178
70.5	-21.18724076
71	-22.67187361
71.5	-25.33575671
72	-30.47108308
72.5	-52.26449614
73	-31.44594944
73.5	-25.07088894
74	-21.66441041
74.5	-19.56570266
75	-18.30004081
75.5	-17.69051848
76	-17.68919571
76.5	-18.34297322
77	-19.82692616
77.5	-22.61055597
78	-28.32685326
78.5	-49.83599159
79	-26.33531057
79.5	-20.5583276
80	-17.28508826
80.5	-15.20667474
81	-13.92074374
81.5	-13.27944524
82	-13.25725517
82.5	-13.93433562
83	-15.56248077
83.5	-18.86827417
84	-27.25593117
84.5	-27.25344353
85	-16.84159469
85.5	-11.87897827
86	-8.590253624
86.5	-6.177274791
87	-4.332624944
87.5	-2.905478187
88	-1.811440356
88.5	-0.999662482
89	-0.438542451
89.5	-0.1088063
90	0
90.5	-0.1088063
91	-0.438542451
91.5	-0.999662482
92	-1.811440356
92.5	-2.905478187
93	-4.332624944
93.5	-6.177274791
94	-8.590253624
94.5	-11.87897827
95	-16.84159469
95.5	-27.25344353
96	-27.25593117
96.5	-18.86827417
97	-15.56248077
97.5	-13.93433562
98	-13.25725517
98.5	-13.27944524
99	-13.92074374
99.5	-15.20667474
100	-17.28508826
100.5	-20.5583276
101	-26.33531057
101.5	-49.83599159
102	-28.32685326
102.5	-22.61055597
103	-19.82692616
103.5	-18.34297322
104	-17.68919571
104.5	-17.69051848
105	-18.30004081
105.5	-19.56570266
106	-21.66441041
106.5	-25.07088894
107	-31.44594944
107.5	-52.26449614
108	-30.47108308
108.5	-25.33575671
109	-22.67187361
109.5	-21.18724076
110	-20.47795178
110.5	-20.38710186
111	-20.86956208
111.5	-21.9627777
112	-23.81160581
112.5	-26.79075517
113	-32.06777504
113.5	-49.49600455
114	-35.08315705
114.5	-28.69967027
115	-25.52582044
115.5	-23.69148578
116	-22.67524549
116.5	-22.27249364
117	-22.40326824
117.5	-23.06129461
118	-24.31102834
118.5	-26.3284613
119	-29.55587528
119.5	-35.45555802
120	-305.2745295
120.5	-35.70474989
121	-30.04940771
121.5	-27.05623384
122	-25.25679684
122.5	-24.20103535
123	-23.70227964
123.5	-23.68010407
124	-24.11446514
124.5	-25.03651771
125	-26.54487377
125.5	-28.868178
126	-32.58974651
126.5	-39.94140311
127	-49.08175735
127.5	-35.58081258
128	-30.84470552
128.5	-28.1392114
129	-26.43526575
129.5	-25.37531066
130	-24.79974556
130.5	-24.63260223
131	-24.84435361
131.5	-25.44043628
132	-26.46390603
132.5	-28.01475054
133	-30.30746219
133.5	-33.86395062
134	-40.52502991
134.5	-55.90890854
135	-38.16276964
135.5	-32.97269065
136	-30.01676464
136.5	-28.09537483
137	-26.80735843
137.5	-25.97207188
138	-25.49657871
138.5	-25.33166661
139	-25.4546648
139.5	-25.86301267
140	-26.5739268
140.5	-27.62996092
141	-29.11443452
141.5	-31.19066459
142	-34.21738597
142.5	-39.2228824
143	-52.9389114
143.5	-43.95523596
144	-36.69598645
144.5	-32.99458822
145	-30.60855976
145.5	-28.94024975
146	-27.74136963
146.5	-26.88557053
147	-26.30085958
147.5	-25.94364424
148	-25.78713421
148.5	-25.81571128
149	-26.02220111
149.5	-26.40683763
150	-26.97751557
150.5	-27.75143282
151	-28.75880248
151.5	-30.05042552
152	-31.71374726
152.5	-33.9108611
153	-36.98699706
153.5	-41.90278281
154	-54.34284431
154.5	-47.73489954
155	-40.04257764
155.5	-36.166382
156	-33.62513848
156.5	-31.78395468
157	-30.38183511
157.5	-29.28543273
158	-28.41717334
158.5	-27.72781018
159	-27.18404764
159.5	-26.76228009
160	-26.44514358
160.5	-26.21948826
161	-26.0751228
161.5	-26.0040032
162	-25.99969068
162.5	-26.05697876
163	-26.17163109
163.5	-26.34019367
164	-26.55985899
164.5	-26.82836703
165	-27.14393352
165.5	-27.50519884
166	-27.91119326
166.5	-28.36131549
167	-28.85532286
167.5	-29.3933321
168	-29.97583047
168.5	-30.60369754
169	-31.2782389
169.5	-32.00123328
170	-32.77499627
170.5	-33.60246438
171	-34.48730542
171.5	-35.43406353
172	-36.44835068
172.5	-37.53710244
173	-38.70892396
173.5	-39.97456608
174	-41.34759374
174.5	-42.84534723
175	-44.49036385
175.5	-46.31255205
176	-48.35265218
176.5	-50.66802093
177	-53.34290545
177.5	-56.50817003
178	-60.38331604
178.5	-65.38011993
179	-72.42336105
179.5	-84.46436467
180	-312.4368397

